0.810735 193
0.267673 4
0.060576 23
0.000031 1
0.000362 34
0.000031 1
0.766226 1
0.067900 1
0.456470 2
0.000035 4
0.000547 23
0.000031 1
0.000030 39
0.003860 2
0.000016 193
0.000260 26
0.047625 1
0.000026 37
0.000217 1
4.912033 1
0.067792 3
0.078548 27
0.000489 1
0.000027 412
0.002861 2
0.000027 193
0.000389 26
0.050240 1
0.000034 1
0.000113 34
0.000030 1
0.777225 1
0.074990 3
0.150404 27
0.000473 1
0.000037 41
0.002162 193
0.000291 26
0.051332 1
0.000021 1
0.000123 36
0.000019 3
0.167965 193
0.000187 26
0.047022 1
0.000040 1
0.000104 36
0.000048 1
0.545794 1
0.103944 1
0.126648 1
0.051824 1
0.166431 2
0.000035 4
0.000454 25
0.000031 1
0.000030 41
0.009971 193
0.000272 4
0.045444 23
0.000043 1
0.000112 36
0.000022 1
1.680743 1
0.116030 1
0.082637 1
0.103767 1
0.055996 3
0.066276 30
0.000484 1
0.000037 97
0.003688 244
0.000037 197
0.000032 72
0.000028 91
0.000031 80
0.000029 80
0.000029 156
0.000030 82
0.000028 78
0.000028 80
0.000033 158
0.000029 80
0.000028 81
0.000031 161
0.000028 80
0.000067 238
0.000038 160
0.000031 80
0.000029 158
0.000029 80
0.000030 92
0.000029 74
0.000029 77
0.000031 100
0.000028 113
0.000028 45
0.000027 82
0.000029 83
0.000028 46
0.000028 105
0.000030 63
0.000028 120
0.000029 63
0.000030 61
0.000029 122
0.000028 56
0.000028 2
0.000032 81
0.000060 148
0.000038 61
0.000032 115
0.000030 113
0.000029 59
0.000020 41
0.000019 48
0.000021 35
0.000019 33
0.000020 32
0.000019 23
0.000018 49
0.000020 37
0.000020 31
0.000019 32
0.000019 23
0.000019 47
0.000021 37
0.000019 31
0.000019 31
0.000019 22
0.000019 47
0.000020 37
0.000019 31
0.000021 31
0.000019 22
0.000018 49
0.000020 35
0.000018 35
0.000021 32
0.000018 22
0.000019 52
0.000020 37
0.000019 31
0.000019 33
0.000020 20
0.000018 49
0.000021 35
0.000019 31
0.000021 33
0.000019 20
0.000018 48
0.000020 34
0.000018 35
0.000021 31
0.000019 21
0.000019 51
0.000019 36
0.000046 87
0.000021 33
0.000020 52
0.000019 2
0.000020 62
0.000019 23
0.000019 33
0.000021 50
0.000019 2
0.000020 62
0.000019 23
0.000019 48
0.000019 35
0.000019 34
0.000021 32
0.000019 21
0.000018 53
0.000020 37
0.000020 36
0.000020 31
0.000019 23
0.000019 50
0.000021 35
0.000019 32
0.000021 33
0.000018 20
0.000019 51
0.000019 34
0.000019 33
0.000021 48
0.000020 2
0.000020 53
0.000019 35
0.000019 33
0.000019 52
0.000019 2
0.000020 51
0.000019 36
0.000019 33
0.000021 50
0.000019 2
0.000021 62
0.000018 23
0.000019 48
0.000019 35
0.000019 34
0.000022 31
0.000019 22
0.000018 49
0.000021 36
0.000019 36
0.000021 32
0.000019 22
0.000018 53
0.000020 37
0.000019 32
0.000021 33
0.000019 20
0.000019 51
0.000019 34
0.000019 33
0.000020 32
0.000019 20
0.000019 49
0.000021 34
0.000019 37
0.000019 49
0.000019 2
0.000019 51
0.000019 36
0.000019 33
0.000019 30
0.000019 22
0.000019 49
0.000019 36
0.000018 33
0.000022 50
0.000019 2
0.000019 49
0.000019 36
0.000019 33
0.000019 31
0.000019 21
0.000018 54
0.000020 36
0.000019 37
0.000021 51
0.000019 2
0.000019 51
0.000018 34
0.000020 33
0.000019 50
0.000019 2
0.000018 51
0.000019 34
0.000019 33
0.000020 30
0.000019 20
0.000018 53
0.000020 35
0.000018 30
0.000020 31
0.000019 22
0.000018 47
0.000020 36
0.000018 31
0.000021 30
0.000018 22
0.000018 46
0.000021 37
0.000019 30
0.000020 32
0.000019 21
0.000018 52
0.000021 36
0.000018 34
0.000020 32
0.000031 53
0.000023 50
0.000019 32
0.000020 33
0.000019 20
0.000018 48
0.000020 33
0.000019 32
0.000020 30
0.000019 21
0.000018 50
0.000019 34
0.000018 2
0.000020 60
0.000019 23
0.000019 46
0.000019 35
0.000018 2
0.000020 60
0.000018 23
0.000019 47
0.000019 34
0.000018 2
0.000020 65
0.000019 23
0.000018 35
0.000020 51
0.000019 2
0.000021 62
0.000018 21
0.000018 48
0.000020 33
0.000019 2
0.000020 62
0.000019 21
0.000018 46
0.000043 33
0.000036 2
0.000022 50
0.000018 36
0.000019 30
0.000029 51
0.000007 2
0.000007 60
0.000007 23
0.000006 31
0.000008 50
0.000006 2
0.000007 65
0.000007 23
0.000006 35
0.000007 51
0.000007 2
0.000006 49
0.000008 34
0.000007 31
0.000007 50
0.000006 2
0.000008 62
0.000006 21
0.000007 46
0.000007 33
0.000006 2
0.000007 64
0.000007 25
0.000006 46
0.000007 35
0.000007 2
0.000007 61
0.000006 22
0.000007 47
0.000010 36
0.000007 47
0.000007 34
0.000007 30
0.000007 32
0.000007 20
0.000006 49
0.000007 33
0.000007 31
0.000007 31
0.000006 20
0.000007 47
0.000007 33
0.000006 31
0.000007 29
0.000007 20
0.000007 49
0.000006 35
0.000007 32
0.000007 50
0.000007 2
0.000007 61
0.000006 22
0.000007 49
0.000007 33
0.000007 33
0.000007 32
0.000007 21
0.000006 49
0.000008 35
0.000006 31
0.000007 30
0.000007 21
0.000006 47
0.000008 35
0.000007 31
0.000006 32
0.000007 21
0.000007 48
0.000007 35
0.000007 31
0.000006 32
0.000007 21
0.000007 49
0.000007 35
0.000006 31
0.000008 32
0.000006 21
0.000007 47
0.000007 35
0.000011 48
0.000007 34
0.000007 32
0.000007 49
0.000007 2
0.000007 62
0.000006 22
0.000007 49
0.000007 33
0.000006 33
0.000007 31
0.000007 22
0.000006 47
0.000008 35
0.000007 31
0.000007 30
0.000006 21
0.000007 51
0.000007 35
0.000006 33
0.000008 31
0.000007 22
0.000006 51
0.000008 35
0.000006 33
0.000007 49
0.000007 2
0.000006 49
0.000008 35
0.000006 33
0.000008 51
0.000006 2
0.000008 63
0.000006 23
0.000007 48
0.000007 34
0.000007 2
0.000007 61
0.000006 23
0.000006 33
0.000007 51
0.000007 2
0.000007 61
0.000007 23
0.000007 48
0.000006 34
0.000007 32
0.000007 29
0.000006 23
0.000007 46
0.000007 34
0.000007 32
0.000007 29
0.000007 24
0.000006 57
0.000007 62
0.000007 77
0.000006 68
0.000007 93
0.000007 39
0.000006 59
0.000007 2
0.000007 78
0.000007 65
0.000007 53
0.000007 53
0.000007 53
0.000007 53
0.000008 67
0.000010 108
0.000013 122
0.000010 67
0.000009 118
0.000009 55
0.000010 53
0.000009 118
0.000009 53
0.000009 104
0.000009 67
0.000009 53
0.000009 104
0.000009 67
0.000009 53
0.000009 53
0.000009 122
0.000010 53
0.000014 160
0.000010 96
0.000009 145
0.000010 96
0.000009 98
0.000010 96
0.000009 96
0.000010 96
0.000009 96
0.000009 96
0.000009 96
0.000009 146
0.000010 46
0.000010 77
0.000009 122
0.000010 108
0.000009 29
0.000009 108
0.000009 59
0.000010 88
0.000009 58
0.000009 56
0.000010 112
0.000009 56
0.000009 102
0.000010 55
0.000009 97
0.000010 60
0.000009 58
0.000009 117
0.000009 48
0.000010 117
0.000010 69
0.000009 67
0.000010 133
0.000010 74
0.000009 79
0.000009 73
0.000010 119
0.000009 47
0.000009 111
0.000010 61
0.000009 87
0.000011 76
0.000009 74
0.000010 74
0.000010 148
0.000015 148
0.000009 74
0.000010 74
0.000009 146
0.000010 76
0.000009 74
0.000010 74
0.000009 146
0.000010 76
0.000009 74
0.000009 74
0.000010 146
0.000010 76
0.000009 74
0.000010 74
0.000010 148
0.000010 76
0.000009 64
0.000009 89
0.000011 164
0.000010 41
0.000009 127
0.000010 2
0.000009 232
0.000010 65
0.000009 71
0.000010 64
0.000009 78
0.000010 141
0.000009 122
0.000010 72
0.000011 18
0.000010 107
0.000011 55
0.000009 47
0.000010 88
0.000009 58
0.000010 91
0.000010 95
0.000009 53
0.000010 123
0.000009 100
0.000010 47
0.000010 122
0.000009 84
0.000015 161
0.000009 52
0.000010 100
0.000010 51
0.000009 103
0.000009 48
0.000010 109
0.000010 83
0.000009 46
0.000011 119
0.000009 65
0.000010 127
0.000010 47
0.000009 60
0.000010 106
0.000012 61
0.000010 154
0.000009 93
0.000010 72
0.000010 136
0.000009 53
0.000009 83
0.000009 33
0.000009 124
0.000010 107
0.000009 45
0.000010 118
0.000010 93
0.000010 46
0.000010 120
0.000009 48
0.000009 107
0.000010 58
0.000009 92
0.000009 110
0.000010 53
0.000009 46
0.000010 115
0.000009 74
0.000009 36
0.000010 41
0.000011 92
0.000010 91
0.000010 91
0.000011 60
0.000009 47
0.000010 51
0.000010 49
0.000010 47
0.000009 45
0.000010 46
0.000011 2
0.000008 74
0.000019 107
0.000012 78
0.000010 64
0.000011 52
0.000010 46
0.000011 48
0.000010 51
0.000011 54
0.000011 62
0.000011 76
0.000010 69
0.000010 94
0.000011 46
0.000011 2
0.000011 96
0.000010 96
0.000010 44
0.000010 2
0.000010 96
0.000009 94
0.000010 46
0.000010 2
0.000010 96
0.000011 42
0.000010 106
0.000010 106
0.000007 43
0.000008 2
0.000006 57
0.000007 103
0.000016 2
0.000007 67
0.000006 69
0.000013 2
0.000007 92
0.000012 2
0.000007 45
0.000006 40
0.000007 2
0.000007 72
0.000006 45
0.000012 2
0.000006 63
0.000007 71
0.000023 71
0.000010 77
0.000010 2
0.000009 79
0.000009 77
0.000009 2
0.000009 79
0.000008 77
0.000009 2
0.000010 79
0.000010 79
0.000010 146
0.000009 71
0.000010 78
0.000016 147
0.000010 145
0.000011 69
0.000010 65
0.000012 147
0.000011 70
0.000011 141
0.000018 204
0.000012 67
0.000011 139
0.000011 72
0.000010 65
0.000011 147
0.000011 70
0.000009 65
0.000010 67
0.000010 2
0.000010 135
0.000010 69
0.000007 68
0.000006 65
0.000007 2
0.000007 69
0.000008 70
0.000006 65
0.000007 69
0.000006 70
0.000007 65
0.000007 69
0.000006 68
0.000007 65
0.000007 2
0.000007 69
0.000007 72
0.000006 70
0.000007 65
0.000006 69
0.000007 69
0.000006 64
0.000007 62
0.000006 64
0.000007 2
0.000007 64
0.000007 64
0.000006 72
0.000007 60
0.000006 69
0.000007 76
0.000006 64
0.000007 57
0.000007 2
0.000007 69
0.000007 78
0.000007 70
0.000006 65
0.000007 57
0.000006 78
0.000007 45
0.000006 60
0.000007 68
0.000007 78
0.000007 2
0.000006 89
0.000007 47
0.000007 60
0.000007 70
0.000008 78
0.000011 156
0.000007 72
0.000007 49
0.000008 2
0.000006 76
0.000007 65
0.000007 57
0.000006 78
0.000007 79
0.000006 77
0.000007 2
0.000007 79
0.000007 79
0.000007 79
0.000006 79
0.000007 77
0.000006 2
0.000008 92
0.000007 55
0.000007 102
0.000007 2
0.000007 81
0.000012 93
0.000007 31
0.000006 61
0.000007 43
0.000006 44
0.000007 46
0.000006 63
0.000007 61
0.000007 58
0.000006 48
0.000007 57
0.000006 67
0.000007 69
0.000007 69
0.000007 2
0.000007 69
0.000006 71
0.000007 39
0.000007 50
0.000007 57
0.000006 64
0.000007 71
0.000007 67
0.000006 45
0.000007 54
0.000007 35
0.000006 46
0.000007 76
0.000007 78
0.000006 35
0.000007 75
0.000006 73
0.000016 2
0.000007 75
0.000006 66
0.000011 2
0.000007 66
0.000008 68
0.000006 61
0.000007 2
0.000008 72
0.000006 68
0.000007 68
0.000006 68
0.000007 78
0.000007 73
0.000006 68
0.000012 88
0.000007 68
0.000007 78
0.000007 75
0.000006 73
0.000007 2
0.000007 83
0.000007 75
0.000007 75
0.000006 76
0.000007 76
0.000006 74
0.000007 76
0.000007 2
0.000007 76
0.000007 76
0.000006 80
0.000007 76
0.000006 74
0.000007 2
0.000007 80
0.000006 76
0.000007 78
0.000007 75
0.000006 76
0.000007 74
0.000006 2
0.000008 124
0.000007 48
0.000006 57
0.000007 57
0.000007 2
0.000007 78
0.000007 60
0.000007 70
0.000007 78
0.000007 89
0.000006 60
0.000007 70
0.000006 76
0.000007 2
0.000007 89
0.000007 57
0.000006 78
0.000007 64
0.000008 64
0.000006 72
0.000007 72
0.000006 72
0.000007 70
0.000006 73
0.000007 2
0.000007 73
0.000007 73
0.000007 73
0.000007 72
0.000006 64
0.000006 72
0.000007 81
0.000007 64
0.000006 72
0.000008 2
0.000008 83
0.000010 122
0.000007 83
0.000007 75
0.000006 75
0.000008 37
0.000006 70
0.000007 2
0.000008 123
0.000007 52
0.000007 46
0.000007 62
0.000006 2
0.000007 84
0.000007 74
0.000007 113
0.000006 68
0.000007 66
0.000006 68
0.000007 68
0.000008 2
0.000006 101
0.000007 68
0.000006 50
0.000007 62
0.000006 63
0.000007 73
0.000006 29
0.000007 45
0.000007 74
0.000006 45
0.000007 45
0.000006 44
0.000007 47
0.000006 56
0.000007 85
0.000006 45
0.000007 59
0.000007 44
0.000007 64
0.000006 76
0.000007 70
0.000007 42
0.000006 65
0.000007 104
0.000007 2
0.000007 120
0.000007 53
0.000007 44
0.000007 67
0.000007 50
0.000007 2
0.000007 117
0.000007 2
0.000006 92
0.000007 40
0.000007 94
0.000006 42
0.000007 94
0.000006 42
0.000007 83
0.000007 44
0.000006 65
0.000007 48
0.000006 43
0.000007 71
0.000007 84
0.000007 47
0.000011 37
0.000007 81
0.000007 58
0.000007 2
0.000008 71
0.000007 49
0.000007 75
0.000007 51
0.000007 60
0.000007 85
0.000007 52
0.000006 78
0.000007 65
0.000006 60
0.000007 66
0.000006 76
0.000007 83
0.000007 56
0.000007 2
0.000007 124
0.000007 43
0.000007 46
0.000007 60
0.000007 2
0.000007 85
0.000007 52
0.000007 59
0.000006 78
0.000007 65
0.000006 66
0.000008 78
0.000007 83
0.000006 56
0.000007 71
0.000006 53
0.000007 45
0.000006 46
0.000007 58
0.000007 71
0.000006 51
0.000007 60
0.000007 2
0.000007 73
0.000008 60
0.000006 85
0.000007 78
0.000006 60
0.000007 59
0.000006 78
0.000007 81
0.000007 56
0.000006 2
0.000008 73
0.000007 94
0.000007 46
0.000006 60
0.000007 2
0.000007 85
0.000007 78
0.000006 83
0.000007 56
0.000006 73
0.000007 53
0.000006 43
0.000007 46
0.000006 92
0.000007 47
0.000006 57
0.000007 58
0.000012 66
0.000007 53
0.000006 70
0.000007 88
0.000007 53
0.000006 95
0.000007 69
0.000009 40
0.000007 51
0.000007 51
0.000006 49
0.000007 55
0.000006 109
0.000007 47
0.000006 97
0.000007 44
0.000007 46
0.000006 63
0.000008 63
0.000006 45
0.000007 42
0.000007 40
0.000006 50
0.000007 91
0.000006 69
0.000007 47
0.000007 2
0.000007 74
0.000006 90
0.000007 67
0.000007 89
0.000006 87
0.000013 2
0.000007 57
0.000006 57
0.000007 103
0.000010 45
0.000007 67
0.000007 2
0.000007 68
0.000006 107
0.000007 58
0.000006 71
0.000007 50
0.000007 81
0.000006 67
0.000007 47
0.000007 67
0.000007 46
0.000006 71
0.000008 63
0.000007 2
0.000006 91
0.000007 79
0.000007 79
0.000006 47
0.000007 56
0.000006 76
0.000007 92
0.000007 2
0.000006 96
0.000007 75
0.000007 29
0.000007 56
0.000006 31
0.000007 29
0.000006 29
0.000006 85
0.000011 85
0.000008 54
0.000006 2
0.000007 85
0.000007 85
0.000007 77
0.000006 82
0.000007 43
0.000006 46
0.000007 75
0.000006 69
0.000008 80
0.000007 2
0.000007 91
0.000006 99
0.000007 99
0.000006 2
0.000008 80
0.000006 93
0.000007 81
0.000006 80
0.000007 89
0.000010 2
0.000007 99
0.000007 101
0.000006 80
0.000007 49
0.000006 91
0.000007 61
0.000007 2
0.000007 86
0.000007 55
0.000007 58
0.000006 104
0.000007 51
0.000006 53
0.000007 77
0.000007 80
0.000006 43
0.000007 48
0.000007 73
0.000006 2
0.000008 77
0.000006 82
0.000007 43
0.000007 88
0.000007 2
0.000008 77
0.000007 71
0.000006 75
0.000007 49
0.000006 93
0.000007 71
0.000006 58
0.000007 55
0.000007 59
0.000006 79
0.000007 2
0.000007 84
0.000007 66
0.000007 62
0.000006 77
0.000007 79
0.000010 84
0.000007 43
0.000008 102
0.000007 62
0.000007 2
0.000008 77
0.000007 79
0.000006 84
0.000007 45
0.000006 48
0.000007 77
0.000006 62
0.000007 79
0.000006 82
0.000007 41
0.000007 55
0.000006 56
0.000007 49
0.000006 78
0.000008 2
0.000007 81
0.000007 86
0.000006 56
0.000007 52
0.000006 62
0.000007 64
0.000006 44
0.000007 132
0.000007 2
0.000007 146
0.000006 77
0.000007 2
0.000007 81
0.000006 86
0.000007 49
0.000006 47
0.000007 50
0.000007 86
0.000006 101
0.000007 81
0.000007 2
0.000007 83
0.000006 88
0.000007 56
0.000006 52
0.000007 140
0.000010 2
0.000007 141
0.000006 141
0.000010 2
0.000007 139
0.000008 88
0.000006 76
0.000007 88
0.000006 2
0.000008 77
0.000006 90
0.000007 77
0.000006 90
0.000007 75
0.000011 79
0.000006 93
0.000007 56
0.000007 66
0.000006 2
0.000007 88
0.000007 88
0.000006 67
0.000007 57
0.000007 33
0.000006 68
0.000007 54
0.000006 54
0.000007 74
0.000006 114
0.000011 61
0.000007 55
0.000007 55
0.000006 65
0.000007 63
0.000007 2
0.000007 73
0.000008 58
0.000007 53
0.000007 56
0.000007 63
0.000007 77
0.000006 93
0.000007 64
0.000007 73
0.000006 66
0.000007 57
0.000006 85
0.000007 59
0.000007 35
0.000007 2
0.000006 168
0.000007 197
0.000014 2
0.000007 194
0.000007 200
0.000013 2
0.000007 197
0.000007 195
0.000013 80
0.000007 66
0.000007 2
0.000007 182
0.000006 2
0.000007 169
0.000006 171
0.000014 2
0.000006 169
0.000011 76
0.000007 63
0.000007 63
0.000007 56
0.000006 76
0.000007 70
0.000006 108
0.000007 2
0.000007 80
0.000008 66
0.000007 74
0.000006 99
0.000007 59
0.000006 92
0.000007 2
0.000007 89
0.000007 89
0.000006 89
0.000007 87
0.000007 2
0.000007 89
0.000007 68
0.000008 69
0.000007 76
0.000007 98
0.000007 64
0.000006 76
0.000007 59
0.000006 59
0.000007 59
0.000006 75
0.000007 65
0.000007 2
0.000007 92
0.000007 60
0.000006 60
0.000007 65
0.000006 76
0.000007 63
0.000006 66
0.000007 134
0.000012 67
0.000006 64
0.000007 56
0.000006 72
0.000007 60
0.000007 53
0.000007 2
0.000007 90
0.000007 76
0.000006 63
0.000007 58
0.000006 126
0.000008 66
0.000007 47
0.000006 2
0.000007 76
0.000008 63
0.000006 76
0.000007 63
0.000010 137
0.009292 4095
0.000078 4095
0.005213 379
0.000040 26
0.027208 1
0.000016 35
0.000173 1
6.573083 1
0.091990 1
0.047868 3
0.184874 28
0.000559 1
0.000028 40
0.005552 2
0.000034 193
0.000412 26
0.051101 1
0.000037 1
0.000115 36
0.000029 1
3.219202 2
