0.441248 113
0.179560 329
0.002989 2
0.000017 193
0.008132 4
0.050675 66
0.000036 75
0.000325 1
5.013333 1
0.066205 1
0.063563 1
3.186870 2
0.000033 4
0.000588 24
0.000039 1
0.000029 31
0.039221 106
0.000015 52
0.008642 166
0.000014 113
0.000055 137
0.296940 42
1.005213 41
0.001922 56
0.000117 57
1.215370 51
0.329083 137
0.329584 42
1.041695 41
0.003894 84
0.066230 79
0.013442 70
0.003787 71
0.050760 101
0.000021 43
0.017682 133
0.122235 135
0.002288 244
0.000790 154
0.031126 143
0.000978 135
0.000142 2
0.000026 57
0.000535 97
0.212482 194
1.022863 194
1.001470 194
1.001251 194
1.001425 194
1.000839 194
1.001650 194
1.000390 194
1.001215 194
1.001223 194
1.001130 194
1.001255 194
1.001216 194
1.001554 194
1.001447 194
1.001075 194
1.001118 194
1.001290 194
1.001207 194
1.001433 194
1.001393 194
1.001457 192
1.001452 2
1.001206 50
0.005073 138
0.000574 2
0.000038 60
0.649989 25
0.000037 68
0.000032 15
0.000031 33
0.000034 29
0.000011 2
0.000012 106
0.000028 2
0.000013 197
0.000032 2
0.000010 37
0.000077 36
0.000034 51
0.030384 2
0.000015 193
0.000057 69
0.047581 1
0.000015 75
0.000226 1
2.793118 2
